runId,time,S,E,I1,I2,G1,G2,R,interventionStartTime,enableOnlineIntervention,enableOfflineIntervention,kOffline,kOnline,pRewire,initialOnlineSeeds,initialOfflineSeeds,seedId
T30_ontrue_offtrue_seed1_kon6_koff4_rewire0p1_or35p0_fr5p0_gOn0p05_gOff0p15_1781250044886,0.0,1000,0,0,0,0,0,0,30.0,true,true,4,6,0.1,10,10,1
T30_ontrue_offtrue_seed1_kon6_koff4_rewire0p1_or35p0_fr5p0_gOn0p05_gOff0p15_1781250044886,1.0,937,29,19,15,0,0,0,30.0,true,true,4,6,0.1,10,10,1
T30_ontrue_offtrue_seed1_kon6_koff4_rewire0p1_or35p0_fr5p0_gOn0p05_gOff0p15_1781250044886,2.0,910,16,47,27,0,0,0,30.0,true,true,4,6,0.1,10,10,1
T30_ontrue_offtrue_seed1_kon6_koff4_rewire0p1_or35p0_fr5p0_gOn0p05_gOff0p15_1781250044886,3.0,861,26,71,39,0,0,3,30.0,true,true,4,6,0.1,10,10,1
T30_ontrue_offtrue_seed1_kon6_koff4_rewire0p1_or35p0_fr5p0_gOn0p05_gOff0p15_1781250044886,4.0,810,35,101,47,0,0,7,30.0,true,true,4,6,0.1,10,10,1
T30_ontrue_offtrue_seed1_kon6_koff4_rewire0p1_or35p0_fr5p0_gOn0p05_gOff0p15_1781250044886,5.0,747,36,148,58,0,0,11,30.0,true,true,4,6,0.1,10,10,1
T30_ontrue_offtrue_seed1_kon6_koff4_rewire0p1_or35p0_fr5p0_gOn0p05_gOff0p15_1781250044886,6.0,687,43,185,71,0,0,14,30.0,true,true,4,6,0.1,10,10,1
T30_ontrue_offtrue_seed1_kon6_koff4_rewire0p1_or35p0_fr5p0_gOn0p05_gOff0p15_1781250044886,7.0,625,40,231,85,0,0,19,30.0,true,true,4,6,0.1,10,10,1
T30_ontrue_offtrue_seed1_kon6_koff4_rewire0p1_or35p0_fr5p0_gOn0p05_gOff0p15_1781250044886,8.0,547,56,277,98,0,0,22,30.0,true,true,4,6,0.1,10,10,1
T30_ontrue_offtrue_seed1_kon6_koff4_rewire0p1_or35p0_fr5p0_gOn0p05_gOff0p15_1781250044886,9.0,474,48,334,119,0,0,25,30.0,true,true,4,6,0.1,10,10,1
T30_ontrue_offtrue_seed1_kon6_koff4_rewire0p1_or35p0_fr5p0_gOn0p05_gOff0p15_1781250044886,10.0,397,49,384,136,0,0,34,30.0,true,true,4,6,0.1,10,10,1
T30_ontrue_offtrue_seed1_kon6_koff4_rewire0p1_or35p0_fr5p0_gOn0p05_gOff0p15_1781250044886,11.0,322,50,429,154,0,0,45,30.0,true,true,4,6,0.1,10,10,1
T30_ontrue_offtrue_seed1_kon6_koff4_rewire0p1_or35p0_fr5p0_gOn0p05_gOff0p15_1781250044886,12.0,267,32,474,167,0,0,60,30.0,true,true,4,6,0.1,10,10,1
T30_ontrue_offtrue_seed1_kon6_koff4_rewire0p1_or35p0_fr5p0_gOn0p05_gOff0p15_1781250044886,13.0,206,35,503,180,0,0,76,30.0,true,true,4,6,0.1,10,10,1
T30_ontrue_offtrue_seed1_kon6_koff4_rewire0p1_or35p0_fr5p0_gOn0p05_gOff0p15_1781250044886,14.0,152,37,536,186,0,0,89,30.0,true,true,4,6,0.1,10,10,1
T30_ontrue_offtrue_seed1_kon6_koff4_rewire0p1_or35p0_fr5p0_gOn0p05_gOff0p15_1781250044886,15.0,107,32,556,197,0,0,108,30.0,true,true,4,6,0.1,10,10,1
T30_ontrue_offtrue_seed1_kon6_koff4_rewire0p1_or35p0_fr5p0_gOn0p05_gOff0p15_1781250044886,16.0,69,27,570,201,0,0,133,30.0,true,true,4,6,0.1,10,10,1
T30_ontrue_offtrue_seed1_kon6_koff4_rewire0p1_or35p0_fr5p0_gOn0p05_gOff0p15_1781250044886,17.0,45,14,579,205,0,0,157,30.0,true,true,4,6,0.1,10,10,1
T30_ontrue_offtrue_seed1_kon6_koff4_rewire0p1_or35p0_fr5p0_gOn0p05_gOff0p15_1781250044886,18.0,27,11,568,198,0,0,196,30.0,true,true,4,6,0.1,10,10,1
T30_ontrue_offtrue_seed1_kon6_koff4_rewire0p1_or35p0_fr5p0_gOn0p05_gOff0p15_1781250044886,19.0,15,8,554,200,0,0,223,30.0,true,true,4,6,0.1,10,10,1
T30_ontrue_offtrue_seed1_kon6_koff4_rewire0p1_or35p0_fr5p0_gOn0p05_gOff0p15_1781250044886,20.0,6,9,542,193,0,0,250,30.0,true,true,4,6,0.1,10,10,1
T30_ontrue_offtrue_seed1_kon6_koff4_rewire0p1_or35p0_fr5p0_gOn0p05_gOff0p15_1781250044886,21.0,3,3,523,190,0,0,281,30.0,true,true,4,6,0.1,10,10,1
T30_ontrue_offtrue_seed1_kon6_koff4_rewire0p1_or35p0_fr5p0_gOn0p05_gOff0p15_1781250044886,22.0,1,2,489,178,0,0,330,30.0,true,true,4,6,0.1,10,10,1
T30_ontrue_offtrue_seed1_kon6_koff4_rewire0p1_or35p0_fr5p0_gOn0p05_gOff0p15_1781250044886,23.0,1,0,455,160,0,0,384,30.0,true,true,4,6,0.1,10,10,1
T30_ontrue_offtrue_seed1_kon6_koff4_rewire0p1_or35p0_fr5p0_gOn0p05_gOff0p15_1781250044886,24.0,1,0,407,151,0,0,441,30.0,true,true,4,6,0.1,10,10,1
T30_ontrue_offtrue_seed1_kon6_koff4_rewire0p1_or35p0_fr5p0_gOn0p05_gOff0p15_1781250044886,25.0,1,0,374,142,0,0,483,30.0,true,true,4,6,0.1,10,10,1
T30_ontrue_offtrue_seed1_kon6_koff4_rewire0p1_or35p0_fr5p0_gOn0p05_gOff0p15_1781250044886,26.0,1,0,342,136,0,0,521,30.0,true,true,4,6,0.1,10,10,1
T30_ontrue_offtrue_seed1_kon6_koff4_rewire0p1_or35p0_fr5p0_gOn0p05_gOff0p15_1781250044886,27.0,1,0,305,127,0,0,567,30.0,true,true,4,6,0.1,10,10,1
T30_ontrue_offtrue_seed1_kon6_koff4_rewire0p1_or35p0_fr5p0_gOn0p05_gOff0p15_1781250044886,28.0,1,0,270,113,0,0,616,30.0,true,true,4,6,0.1,10,10,1
T30_ontrue_offtrue_seed1_kon6_koff4_rewire0p1_or35p0_fr5p0_gOn0p05_gOff0p15_1781250044886,29.0,1,0,237,107,0,0,655,30.0,true,true,4,6,0.1,10,10,1
T30_ontrue_offtrue_seed1_kon6_koff4_rewire0p1_or35p0_fr5p0_gOn0p05_gOff0p15_1781250044886,30.0,1,0,206,101,0,0,692,30.0,true,true,4,6,0.1,10,10,1
T30_ontrue_offtrue_seed1_kon6_koff4_rewire0p1_or35p0_fr5p0_gOn0p05_gOff0p15_1781250044886,31.0,1,0,182,88,1,2,726,30.0,true,true,4,6,0.1,10,10,1
T30_ontrue_offtrue_seed1_kon6_koff4_rewire0p1_or35p0_fr5p0_gOn0p05_gOff0p15_1781250044886,32.0,1,0,146,73,1,4,775,30.0,true,true,4,6,0.1,10,10,1
T30_ontrue_offtrue_seed1_kon6_koff4_rewire0p1_or35p0_fr5p0_gOn0p05_gOff0p15_1781250044886,33.0,1,0,123,68,1,4,803,30.0,true,true,4,6,0.1,10,10,1
T30_ontrue_offtrue_seed1_kon6_koff4_rewire0p1_or35p0_fr5p0_gOn0p05_gOff0p15_1781250044886,34.0,1,0,105,66,1,4,823,30.0,true,true,4,6,0.1,10,10,1
T30_ontrue_offtrue_seed1_kon6_koff4_rewire0p1_or35p0_fr5p0_gOn0p05_gOff0p15_1781250044886,35.0,1,0,88,60,2,4,845,30.0,true,true,4,6,0.1,10,10,1
T30_ontrue_offtrue_seed1_kon6_koff4_rewire0p1_or35p0_fr5p0_gOn0p05_gOff0p15_1781250044886,36.0,1,0,74,54,3,4,864,30.0,true,true,4,6,0.1,10,10,1
T30_ontrue_offtrue_seed1_kon6_koff4_rewire0p1_or35p0_fr5p0_gOn0p05_gOff0p15_1781250044886,37.0,1,0,65,46,4,6,878,30.0,true,true,4,6,0.1,10,10,1
T30_ontrue_offtrue_seed1_kon6_koff4_rewire0p1_or35p0_fr5p0_gOn0p05_gOff0p15_1781250044886,38.0,1,0,57,41,5,9,887,30.0,true,true,4,6,0.1,10,10,1
T30_ontrue_offtrue_seed1_kon6_koff4_rewire0p1_or35p0_fr5p0_gOn0p05_gOff0p15_1781250044886,39.0,1,0,47,39,5,9,899,30.0,true,true,4,6,0.1,10,10,1
T30_ontrue_offtrue_seed1_kon6_koff4_rewire0p1_or35p0_fr5p0_gOn0p05_gOff0p15_1781250044886,40.0,1,0,42,33,5,9,910,30.0,true,true,4,6,0.1,10,10,1
T30_ontrue_offtrue_seed1_kon6_koff4_rewire0p1_or35p0_fr5p0_gOn0p05_gOff0p15_1781250044886,41.0,1,0,36,31,5,11,916,30.0,true,true,4,6,0.1,10,10,1
T30_ontrue_offtrue_seed1_kon6_koff4_rewire0p1_or35p0_fr5p0_gOn0p05_gOff0p15_1781250044886,42.0,1,0,30,25,5,11,928,30.0,true,true,4,6,0.1,10,10,1
T30_ontrue_offtrue_seed1_kon6_koff4_rewire0p1_or35p0_fr5p0_gOn0p05_gOff0p15_1781250044886,43.0,1,0,27,22,5,11,934,30.0,true,true,4,6,0.1,10,10,1
T30_ontrue_offtrue_seed1_kon6_koff4_rewire0p1_or35p0_fr5p0_gOn0p05_gOff0p15_1781250044886,44.0,1,0,23,20,6,11,939,30.0,true,true,4,6,0.1,10,10,1
T30_ontrue_offtrue_seed1_kon6_koff4_rewire0p1_or35p0_fr5p0_gOn0p05_gOff0p15_1781250044886,45.0,1,0,21,19,6,11,942,30.0,true,true,4,6,0.1,10,10,1
T30_ontrue_offtrue_seed1_kon6_koff4_rewire0p1_or35p0_fr5p0_gOn0p05_gOff0p15_1781250044886,46.0,1,0,19,17,6,11,946,30.0,true,true,4,6,0.1,10,10,1
T30_ontrue_offtrue_seed1_kon6_koff4_rewire0p1_or35p0_fr5p0_gOn0p05_gOff0p15_1781250044886,47.0,1,0,16,15,6,11,951,30.0,true,true,4,6,0.1,10,10,1
T30_ontrue_offtrue_seed1_kon6_koff4_rewire0p1_or35p0_fr5p0_gOn0p05_gOff0p15_1781250044886,48.0,1,0,15,9,6,12,957,30.0,true,true,4,6,0.1,10,10,1
T30_ontrue_offtrue_seed1_kon6_koff4_rewire0p1_or35p0_fr5p0_gOn0p05_gOff0p15_1781250044886,49.0,1,0,14,8,6,12,959,30.0,true,true,4,6,0.1,10,10,1
T30_ontrue_offtrue_seed1_kon6_koff4_rewire0p1_or35p0_fr5p0_gOn0p05_gOff0p15_1781250044886,50.0,1,0,12,9,6,12,960,30.0,true,true,4,6,0.1,10,10,1
T30_ontrue_offtrue_seed1_kon6_koff4_rewire0p1_or35p0_fr5p0_gOn0p05_gOff0p15_1781250044886,51.0,1,0,11,9,6,12,961,30.0,true,true,4,6,0.1,10,10,1
T30_ontrue_offtrue_seed1_kon6_koff4_rewire0p1_or35p0_fr5p0_gOn0p05_gOff0p15_1781250044886,52.0,1,0,9,8,6,12,964,30.0,true,true,4,6,0.1,10,10,1
T30_ontrue_offtrue_seed1_kon6_koff4_rewire0p1_or35p0_fr5p0_gOn0p05_gOff0p15_1781250044886,53.0,1,0,8,7,6,12,966,30.0,true,true,4,6,0.1,10,10,1
T30_ontrue_offtrue_seed1_kon6_koff4_rewire0p1_or35p0_fr5p0_gOn0p05_gOff0p15_1781250044886,54.0,1,0,7,5,6,13,968,30.0,true,true,4,6,0.1,10,10,1
T30_ontrue_offtrue_seed1_kon6_koff4_rewire0p1_or35p0_fr5p0_gOn0p05_gOff0p15_1781250044886,55.0,1,0,5,5,6,14,969,30.0,true,true,4,6,0.1,10,10,1
T30_ontrue_offtrue_seed1_kon6_koff4_rewire0p1_or35p0_fr5p0_gOn0p05_gOff0p15_1781250044886,56.0,1,0,5,3,6,14,971,30.0,true,true,4,6,0.1,10,10,1
T30_ontrue_offtrue_seed1_kon6_koff4_rewire0p1_or35p0_fr5p0_gOn0p05_gOff0p15_1781250044886,57.0,1,0,5,3,6,14,971,30.0,true,true,4,6,0.1,10,10,1
T30_ontrue_offtrue_seed1_kon6_koff4_rewire0p1_or35p0_fr5p0_gOn0p05_gOff0p15_1781250044886,58.0,1,0,3,2,6,14,974,30.0,true,true,4,6,0.1,10,10,1
T30_ontrue_offtrue_seed1_kon6_koff4_rewire0p1_or35p0_fr5p0_gOn0p05_gOff0p15_1781250044886,59.0,1,0,3,2,6,14,974,30.0,true,true,4,6,0.1,10,10,1
T30_ontrue_offtrue_seed1_kon6_koff4_rewire0p1_or35p0_fr5p0_gOn0p05_gOff0p15_1781250044886,60.0,1,0,3,2,6,14,974,30.0,true,true,4,6,0.1,10,10,1
T30_ontrue_offtrue_seed1_kon6_koff4_rewire0p1_or35p0_fr5p0_gOn0p05_gOff0p15_1781250044886,61.0,1,0,3,1,6,14,975,30.0,true,true,4,6,0.1,10,10,1
T30_ontrue_offtrue_seed1_kon6_koff4_rewire0p1_or35p0_fr5p0_gOn0p05_gOff0p15_1781250044886,62.0,1,0,3,1,6,14,975,30.0,true,true,4,6,0.1,10,10,1
T30_ontrue_offtrue_seed1_kon6_koff4_rewire0p1_or35p0_fr5p0_gOn0p05_gOff0p15_1781250044886,63.0,1,0,3,1,6,14,975,30.0,true,true,4,6,0.1,10,10,1
T30_ontrue_offtrue_seed1_kon6_koff4_rewire0p1_or35p0_fr5p0_gOn0p05_gOff0p15_1781250044886,64.0,1,0,3,1,6,14,975,30.0,true,true,4,6,0.1,10,10,1
T30_ontrue_offtrue_seed1_kon6_koff4_rewire0p1_or35p0_fr5p0_gOn0p05_gOff0p15_1781250044886,65.0,1,0,3,1,6,14,975,30.0,true,true,4,6,0.1,10,10,1
T30_ontrue_offtrue_seed1_kon6_koff4_rewire0p1_or35p0_fr5p0_gOn0p05_gOff0p15_1781250044886,66.0,1,0,3,1,6,14,975,30.0,true,true,4,6,0.1,10,10,1
T30_ontrue_offtrue_seed1_kon6_koff4_rewire0p1_or35p0_fr5p0_gOn0p05_gOff0p15_1781250044886,67.0,1,0,3,1,6,14,975,30.0,true,true,4,6,0.1,10,10,1
T30_ontrue_offtrue_seed1_kon6_koff4_rewire0p1_or35p0_fr5p0_gOn0p05_gOff0p15_1781250044886,68.0,1,0,3,0,6,14,976,30.0,true,true,4,6,0.1,10,10,1
T30_ontrue_offtrue_seed1_kon6_koff4_rewire0p1_or35p0_fr5p0_gOn0p05_gOff0p15_1781250044886,69.0,1,0,2,0,6,14,977,30.0,true,true,4,6,0.1,10,10,1
T30_ontrue_offtrue_seed1_kon6_koff4_rewire0p1_or35p0_fr5p0_gOn0p05_gOff0p15_1781250044886,70.0,1,0,2,0,6,14,977,30.0,true,true,4,6,0.1,10,10,1
T30_ontrue_offtrue_seed1_kon6_koff4_rewire0p1_or35p0_fr5p0_gOn0p05_gOff0p15_1781250044886,71.0,1,0,1,0,7,14,977,30.0,true,true,4,6,0.1,10,10,1
T30_ontrue_offtrue_seed1_kon6_koff4_rewire0p1_or35p0_fr5p0_gOn0p05_gOff0p15_1781250044886,72.0,1,0,1,0,7,14,977,30.0,true,true,4,6,0.1,10,10,1
T30_ontrue_offtrue_seed1_kon6_koff4_rewire0p1_or35p0_fr5p0_gOn0p05_gOff0p15_1781250044886,73.0,1,0,1,0,7,14,977,30.0,true,true,4,6,0.1,10,10,1
T30_ontrue_offtrue_seed1_kon6_koff4_rewire0p1_or35p0_fr5p0_gOn0p05_gOff0p15_1781250044886,74.0,1,0,1,1,7,14,976,30.0,true,true,4,6,0.1,10,10,1
T30_ontrue_offtrue_seed1_kon6_koff4_rewire0p1_or35p0_fr5p0_gOn0p05_gOff0p15_1781250044886,75.0,1,0,0,1,7,14,977,30.0,true,true,4,6,0.1,10,10,1
T30_ontrue_offtrue_seed1_kon6_koff4_rewire0p1_or35p0_fr5p0_gOn0p05_gOff0p15_1781250044886,76.0,1,0,0,1,7,14,977,30.0,true,true,4,6,0.1,10,10,1
T30_ontrue_offtrue_seed1_kon6_koff4_rewire0p1_or35p0_fr5p0_gOn0p05_gOff0p15_1781250044886,77.0,1,0,0,1,7,14,977,30.0,true,true,4,6,0.1,10,10,1
T30_ontrue_offtrue_seed1_kon6_koff4_rewire0p1_or35p0_fr5p0_gOn0p05_gOff0p15_1781250044886,78.0,1,0,0,1,7,14,977,30.0,true,true,4,6,0.1,10,10,1
T30_ontrue_offtrue_seed1_kon6_koff4_rewire0p1_or35p0_fr5p0_gOn0p05_gOff0p15_1781250044886,79.0,1,0,0,1,6,12,980,30.0,true,true,4,6,0.1,10,10,1
T30_ontrue_offtrue_seed1_kon6_koff4_rewire0p1_or35p0_fr5p0_gOn0p05_gOff0p15_1781250044886,80.0,1,0,0,1,6,10,982,30.0,true,true,4,6,0.1,10,10,1
T30_ontrue_offtrue_seed1_kon6_koff4_rewire0p1_or35p0_fr5p0_gOn0p05_gOff0p15_1781250044886,81.0,1,0,0,1,6,10,982,30.0,true,true,4,6,0.1,10,10,1
T30_ontrue_offtrue_seed1_kon6_koff4_rewire0p1_or35p0_fr5p0_gOn0p05_gOff0p15_1781250044886,82.0,1,0,0,1,6,10,982,30.0,true,true,4,6,0.1,10,10,1
T30_ontrue_offtrue_seed1_kon6_koff4_rewire0p1_or35p0_fr5p0_gOn0p05_gOff0p15_1781250044886,83.0,1,0,0,0,5,10,984,30.0,true,true,4,6,0.1,10,10,1
T30_ontrue_offtrue_seed1_kon6_koff4_rewire0p1_or35p0_fr5p0_gOn0p05_gOff0p15_1781250044886,84.0,1,0,0,0,4,10,985,30.0,true,true,4,6,0.1,10,10,1
T30_ontrue_offtrue_seed1_kon6_koff4_rewire0p1_or35p0_fr5p0_gOn0p05_gOff0p15_1781250044886,85.0,1,0,0,0,3,8,988,30.0,true,true,4,6,0.1,10,10,1
T30_ontrue_offtrue_seed1_kon6_koff4_rewire0p1_or35p0_fr5p0_gOn0p05_gOff0p15_1781250044886,86.0,1,0,0,0,2,5,992,30.0,true,true,4,6,0.1,10,10,1
T30_ontrue_offtrue_seed1_kon6_koff4_rewire0p1_or35p0_fr5p0_gOn0p05_gOff0p15_1781250044886,87.0,1,0,0,0,2,5,992,30.0,true,true,4,6,0.1,10,10,1
T30_ontrue_offtrue_seed1_kon6_koff4_rewire0p1_or35p0_fr5p0_gOn0p05_gOff0p15_1781250044886,88.0,1,0,0,0,2,5,992,30.0,true,true,4,6,0.1,10,10,1
T30_ontrue_offtrue_seed1_kon6_koff4_rewire0p1_or35p0_fr5p0_gOn0p05_gOff0p15_1781250044886,89.0,1,0,0,0,2,3,994,30.0,true,true,4,6,0.1,10,10,1
T30_ontrue_offtrue_seed1_kon6_koff4_rewire0p1_or35p0_fr5p0_gOn0p05_gOff0p15_1781250044886,90.0,1,0,0,0,2,3,994,30.0,true,true,4,6,0.1,10,10,1
T30_ontrue_offtrue_seed1_kon6_koff4_rewire0p1_or35p0_fr5p0_gOn0p05_gOff0p15_1781250044886,91.0,1,0,0,0,2,3,994,30.0,true,true,4,6,0.1,10,10,1
T30_ontrue_offtrue_seed1_kon6_koff4_rewire0p1_or35p0_fr5p0_gOn0p05_gOff0p15_1781250044886,92.0,1,0,0,0,1,3,995,30.0,true,true,4,6,0.1,10,10,1
T30_ontrue_offtrue_seed1_kon6_koff4_rewire0p1_or35p0_fr5p0_gOn0p05_gOff0p15_1781250044886,93.0,1,0,0,0,1,3,995,30.0,true,true,4,6,0.1,10,10,1
T30_ontrue_offtrue_seed1_kon6_koff4_rewire0p1_or35p0_fr5p0_gOn0p05_gOff0p15_1781250044886,94.0,1,0,0,0,1,3,995,30.0,true,true,4,6,0.1,10,10,1
T30_ontrue_offtrue_seed1_kon6_koff4_rewire0p1_or35p0_fr5p0_gOn0p05_gOff0p15_1781250044886,95.0,1,0,0,0,1,3,995,30.0,true,true,4,6,0.1,10,10,1
T30_ontrue_offtrue_seed1_kon6_koff4_rewire0p1_or35p0_fr5p0_gOn0p05_gOff0p15_1781250044886,96.0,1,0,0,0,1,2,996,30.0,true,true,4,6,0.1,10,10,1
T30_ontrue_offtrue_seed1_kon6_koff4_rewire0p1_or35p0_fr5p0_gOn0p05_gOff0p15_1781250044886,97.0,1,0,0,0,1,2,996,30.0,true,true,4,6,0.1,10,10,1
T30_ontrue_offtrue_seed1_kon6_koff4_rewire0p1_or35p0_fr5p0_gOn0p05_gOff0p15_1781250044886,98.0,1,0,0,0,1,2,996,30.0,true,true,4,6,0.1,10,10,1
T30_ontrue_offtrue_seed1_kon6_koff4_rewire0p1_or35p0_fr5p0_gOn0p05_gOff0p15_1781250044886,99.0,1,0,0,0,1,2,996,30.0,true,true,4,6,0.1,10,10,1
T30_ontrue_offtrue_seed1_kon6_koff4_rewire0p1_or35p0_fr5p0_gOn0p05_gOff0p15_1781250044886,100.0,1,0,0,0,1,2,996,30.0,true,true,4,6,0.1,10,10,1
T30_ontrue_offtrue_seed1_kon6_koff4_rewire0p1_or35p0_fr5p0_gOn0p05_gOff0p15_1781250044886,101.0,1,0,0,0,1,2,996,30.0,true,true,4,6,0.1,10,10,1
T30_ontrue_offtrue_seed1_kon6_koff4_rewire0p1_or35p0_fr5p0_gOn0p05_gOff0p15_1781250044886,102.0,1,0,0,0,1,1,997,30.0,true,true,4,6,0.1,10,10,1
T30_ontrue_offtrue_seed1_kon6_koff4_rewire0p1_or35p0_fr5p0_gOn0p05_gOff0p15_1781250044886,103.0,1,0,0,0,1,0,998,30.0,true,true,4,6,0.1,10,10,1
T30_ontrue_offtrue_seed1_kon6_koff4_rewire0p1_or35p0_fr5p0_gOn0p05_gOff0p15_1781250044886,104.0,1,0,0,0,1,0,998,30.0,true,true,4,6,0.1,10,10,1
T30_ontrue_offtrue_seed1_kon6_koff4_rewire0p1_or35p0_fr5p0_gOn0p05_gOff0p15_1781250044886,105.0,1,0,0,0,1,0,998,30.0,true,true,4,6,0.1,10,10,1
T30_ontrue_offtrue_seed1_kon6_koff4_rewire0p1_or35p0_fr5p0_gOn0p05_gOff0p15_1781250044886,106.0,1,0,0,0,1,0,998,30.0,true,true,4,6,0.1,10,10,1
T30_ontrue_offtrue_seed1_kon6_koff4_rewire0p1_or35p0_fr5p0_gOn0p05_gOff0p15_1781250044886,107.0,1,0,0,0,1,0,998,30.0,true,true,4,6,0.1,10,10,1
T30_ontrue_offtrue_seed1_kon6_koff4_rewire0p1_or35p0_fr5p0_gOn0p05_gOff0p15_1781250044886,108.0,1,0,0,0,1,0,998,30.0,true,true,4,6,0.1,10,10,1
T30_ontrue_offtrue_seed1_kon6_koff4_rewire0p1_or35p0_fr5p0_gOn0p05_gOff0p15_1781250044886,109.0,1,0,0,0,1,0,998,30.0,true,true,4,6,0.1,10,10,1
T30_ontrue_offtrue_seed1_kon6_koff4_rewire0p1_or35p0_fr5p0_gOn0p05_gOff0p15_1781250044886,110.0,1,0,0,0,1,0,998,30.0,true,true,4,6,0.1,10,10,1
T30_ontrue_offtrue_seed1_kon6_koff4_rewire0p1_or35p0_fr5p0_gOn0p05_gOff0p15_1781250044886,111.0,1,0,0,0,1,0,998,30.0,true,true,4,6,0.1,10,10,1
T30_ontrue_offtrue_seed1_kon6_koff4_rewire0p1_or35p0_fr5p0_gOn0p05_gOff0p15_1781250044886,112.0,1,0,0,0,1,0,998,30.0,true,true,4,6,0.1,10,10,1
T30_ontrue_offtrue_seed1_kon6_koff4_rewire0p1_or35p0_fr5p0_gOn0p05_gOff0p15_1781250044886,113.0,1,0,0,0,1,0,998,30.0,true,true,4,6,0.1,10,10,1
T30_ontrue_offtrue_seed1_kon6_koff4_rewire0p1_or35p0_fr5p0_gOn0p05_gOff0p15_1781250044886,114.0,1,0,0,0,1,0,998,30.0,true,true,4,6,0.1,10,10,1
T30_ontrue_offtrue_seed1_kon6_koff4_rewire0p1_or35p0_fr5p0_gOn0p05_gOff0p15_1781250044886,115.0,1,0,0,0,1,0,998,30.0,true,true,4,6,0.1,10,10,1
T30_ontrue_offtrue_seed1_kon6_koff4_rewire0p1_or35p0_fr5p0_gOn0p05_gOff0p15_1781250044886,116.0,1,0,0,0,1,0,998,30.0,true,true,4,6,0.1,10,10,1
T30_ontrue_offtrue_seed1_kon6_koff4_rewire0p1_or35p0_fr5p0_gOn0p05_gOff0p15_1781250044886,117.0,1,0,0,0,1,0,998,30.0,true,true,4,6,0.1,10,10,1
T30_ontrue_offtrue_seed1_kon6_koff4_rewire0p1_or35p0_fr5p0_gOn0p05_gOff0p15_1781250044886,118.0,1,0,0,0,1,0,998,30.0,true,true,4,6,0.1,10,10,1
T30_ontrue_offtrue_seed1_kon6_koff4_rewire0p1_or35p0_fr5p0_gOn0p05_gOff0p15_1781250044886,119.0,1,0,0,0,0,0,999,30.0,true,true,4,6,0.1,10,10,1
T30_ontrue_offtrue_seed1_kon6_koff4_rewire0p1_or35p0_fr5p0_gOn0p05_gOff0p15_1781250044886,120.0,1,0,0,0,0,0,999,30.0,true,true,4,6,0.1,10,10,1
T30_ontrue_offtrue_seed1_kon6_koff4_rewire0p1_or35p0_fr5p0_gOn0p05_gOff0p15_1781250044886,121.0,1,0,0,0,0,0,999,30.0,true,true,4,6,0.1,10,10,1
T30_ontrue_offtrue_seed1_kon6_koff4_rewire0p1_or35p0_fr5p0_gOn0p05_gOff0p15_1781250044886,122.0,1,0,0,0,0,0,999,30.0,true,true,4,6,0.1,10,10,1
T30_ontrue_offtrue_seed1_kon6_koff4_rewire0p1_or35p0_fr5p0_gOn0p05_gOff0p15_1781250044886,123.0,1,0,0,0,0,0,999,30.0,true,true,4,6,0.1,10,10,1
T30_ontrue_offtrue_seed1_kon6_koff4_rewire0p1_or35p0_fr5p0_gOn0p05_gOff0p15_1781250044886,124.0,1,0,0,0,0,0,999,30.0,true,true,4,6,0.1,10,10,1
T30_ontrue_offtrue_seed1_kon6_koff4_rewire0p1_or35p0_fr5p0_gOn0p05_gOff0p15_1781250044886,125.0,1,0,0,0,0,0,999,30.0,true,true,4,6,0.1,10,10,1
T30_ontrue_offtrue_seed1_kon6_koff4_rewire0p1_or35p0_fr5p0_gOn0p05_gOff0p15_1781250044886,126.0,1,0,0,0,0,0,999,30.0,true,true,4,6,0.1,10,10,1
T30_ontrue_offtrue_seed1_kon6_koff4_rewire0p1_or35p0_fr5p0_gOn0p05_gOff0p15_1781250044886,127.0,1,0,0,0,0,0,999,30.0,true,true,4,6,0.1,10,10,1
T30_ontrue_offtrue_seed1_kon6_koff4_rewire0p1_or35p0_fr5p0_gOn0p05_gOff0p15_1781250044886,128.0,1,0,0,0,0,0,999,30.0,true,true,4,6,0.1,10,10,1
T30_ontrue_offtrue_seed1_kon6_koff4_rewire0p1_or35p0_fr5p0_gOn0p05_gOff0p15_1781250044886,129.0,1,0,0,0,0,0,999,30.0,true,true,4,6,0.1,10,10,1
T30_ontrue_offtrue_seed1_kon6_koff4_rewire0p1_or35p0_fr5p0_gOn0p05_gOff0p15_1781250044886,130.0,1,0,0,0,0,0,999,30.0,true,true,4,6,0.1,10,10,1
T30_ontrue_offtrue_seed1_kon6_koff4_rewire0p1_or35p0_fr5p0_gOn0p05_gOff0p15_1781250044886,131.0,1,0,0,0,0,0,999,30.0,true,true,4,6,0.1,10,10,1
T30_ontrue_offtrue_seed1_kon6_koff4_rewire0p1_or35p0_fr5p0_gOn0p05_gOff0p15_1781250044886,132.0,1,0,0,0,0,0,999,30.0,true,true,4,6,0.1,10,10,1
T30_ontrue_offtrue_seed1_kon6_koff4_rewire0p1_or35p0_fr5p0_gOn0p05_gOff0p15_1781250044886,133.0,1,0,0,0,0,0,999,30.0,true,true,4,6,0.1,10,10,1
T30_ontrue_offtrue_seed1_kon6_koff4_rewire0p1_or35p0_fr5p0_gOn0p05_gOff0p15_1781250044886,134.0,1,0,0,0,0,0,999,30.0,true,true,4,6,0.1,10,10,1
T30_ontrue_offtrue_seed1_kon6_koff4_rewire0p1_or35p0_fr5p0_gOn0p05_gOff0p15_1781250044886,135.0,1,0,0,0,0,0,999,30.0,true,true,4,6,0.1,10,10,1
T30_ontrue_offtrue_seed1_kon6_koff4_rewire0p1_or35p0_fr5p0_gOn0p05_gOff0p15_1781250044886,136.0,1,0,0,0,0,0,999,30.0,true,true,4,6,0.1,10,10,1
T30_ontrue_offtrue_seed1_kon6_koff4_rewire0p1_or35p0_fr5p0_gOn0p05_gOff0p15_1781250044886,137.0,1,0,0,0,0,0,999,30.0,true,true,4,6,0.1,10,10,1
T30_ontrue_offtrue_seed1_kon6_koff4_rewire0p1_or35p0_fr5p0_gOn0p05_gOff0p15_1781250044886,138.0,1,0,0,0,0,0,999,30.0,true,true,4,6,0.1,10,10,1
T30_ontrue_offtrue_seed1_kon6_koff4_rewire0p1_or35p0_fr5p0_gOn0p05_gOff0p15_1781250044886,139.0,1,0,0,0,0,0,999,30.0,true,true,4,6,0.1,10,10,1
T30_ontrue_offtrue_seed1_kon6_koff4_rewire0p1_or35p0_fr5p0_gOn0p05_gOff0p15_1781250044886,140.0,1,0,0,0,0,0,999,30.0,true,true,4,6,0.1,10,10,1
T30_ontrue_offtrue_seed1_kon6_koff4_rewire0p1_or35p0_fr5p0_gOn0p05_gOff0p15_1781250044886,141.0,1,0,0,0,0,0,999,30.0,true,true,4,6,0.1,10,10,1
T30_ontrue_offtrue_seed1_kon6_koff4_rewire0p1_or35p0_fr5p0_gOn0p05_gOff0p15_1781250044886,142.0,1,0,0,0,0,0,999,30.0,true,true,4,6,0.1,10,10,1
T30_ontrue_offtrue_seed1_kon6_koff4_rewire0p1_or35p0_fr5p0_gOn0p05_gOff0p15_1781250044886,143.0,1,0,0,0,0,0,999,30.0,true,true,4,6,0.1,10,10,1
T30_ontrue_offtrue_seed1_kon6_koff4_rewire0p1_or35p0_fr5p0_gOn0p05_gOff0p15_1781250044886,144.0,1,0,0,0,0,0,999,30.0,true,true,4,6,0.1,10,10,1
T30_ontrue_offtrue_seed1_kon6_koff4_rewire0p1_or35p0_fr5p0_gOn0p05_gOff0p15_1781250044886,145.0,1,0,0,0,0,0,999,30.0,true,true,4,6,0.1,10,10,1
T30_ontrue_offtrue_seed1_kon6_koff4_rewire0p1_or35p0_fr5p0_gOn0p05_gOff0p15_1781250044886,146.0,1,0,0,0,0,0,999,30.0,true,true,4,6,0.1,10,10,1
T30_ontrue_offtrue_seed1_kon6_koff4_rewire0p1_or35p0_fr5p0_gOn0p05_gOff0p15_1781250044886,147.0,1,0,0,0,0,0,999,30.0,true,true,4,6,0.1,10,10,1
T30_ontrue_offtrue_seed1_kon6_koff4_rewire0p1_or35p0_fr5p0_gOn0p05_gOff0p15_1781250044886,148.0,1,0,0,0,0,0,999,30.0,true,true,4,6,0.1,10,10,1
T30_ontrue_offtrue_seed1_kon6_koff4_rewire0p1_or35p0_fr5p0_gOn0p05_gOff0p15_1781250044886,149.0,1,0,0,0,0,0,999,30.0,true,true,4,6,0.1,10,10,1
T30_ontrue_offtrue_seed1_kon6_koff4_rewire0p1_or35p0_fr5p0_gOn0p05_gOff0p15_1781250044886,150.0,1,0,0,0,0,0,999,30.0,true,true,4,6,0.1,10,10,1
T30_ontrue_offtrue_seed1_kon6_koff4_rewire0p1_or35p0_fr5p0_gOn0p05_gOff0p15_1781250044886,151.0,1,0,0,0,0,0,999,30.0,true,true,4,6,0.1,10,10,1
T30_ontrue_offtrue_seed1_kon6_koff4_rewire0p1_or35p0_fr5p0_gOn0p05_gOff0p15_1781250044886,152.0,1,0,0,0,0,0,999,30.0,true,true,4,6,0.1,10,10,1
T30_ontrue_offtrue_seed1_kon6_koff4_rewire0p1_or35p0_fr5p0_gOn0p05_gOff0p15_1781250044886,153.0,1,0,0,0,0,0,999,30.0,true,true,4,6,0.1,10,10,1
T30_ontrue_offtrue_seed1_kon6_koff4_rewire0p1_or35p0_fr5p0_gOn0p05_gOff0p15_1781250044886,154.0,1,0,0,0,0,0,999,30.0,true,true,4,6,0.1,10,10,1
T30_ontrue_offtrue_seed1_kon6_koff4_rewire0p1_or35p0_fr5p0_gOn0p05_gOff0p15_1781250044886,155.0,1,0,0,0,0,0,999,30.0,true,true,4,6,0.1,10,10,1
T30_ontrue_offtrue_seed1_kon6_koff4_rewire0p1_or35p0_fr5p0_gOn0p05_gOff0p15_1781250044886,156.0,1,0,0,0,0,0,999,30.0,true,true,4,6,0.1,10,10,1
T30_ontrue_offtrue_seed1_kon6_koff4_rewire0p1_or35p0_fr5p0_gOn0p05_gOff0p15_1781250044886,157.0,1,0,0,0,0,0,999,30.0,true,true,4,6,0.1,10,10,1
T30_ontrue_offtrue_seed1_kon6_koff4_rewire0p1_or35p0_fr5p0_gOn0p05_gOff0p15_1781250044886,158.0,1,0,0,0,0,0,999,30.0,true,true,4,6,0.1,10,10,1
T30_ontrue_offtrue_seed1_kon6_koff4_rewire0p1_or35p0_fr5p0_gOn0p05_gOff0p15_1781250044886,159.0,1,0,0,0,0,0,999,30.0,true,true,4,6,0.1,10,10,1
T30_ontrue_offtrue_seed1_kon6_koff4_rewire0p1_or35p0_fr5p0_gOn0p05_gOff0p15_1781250044886,160.0,1,0,0,0,0,0,999,30.0,true,true,4,6,0.1,10,10,1
T30_ontrue_offtrue_seed1_kon6_koff4_rewire0p1_or35p0_fr5p0_gOn0p05_gOff0p15_1781250044886,161.0,1,0,0,0,0,0,999,30.0,true,true,4,6,0.1,10,10,1
T30_ontrue_offtrue_seed1_kon6_koff4_rewire0p1_or35p0_fr5p0_gOn0p05_gOff0p15_1781250044886,162.0,2,0,0,0,0,0,998,30.0,true,true,4,6,0.1,10,10,1
T30_ontrue_offtrue_seed1_kon6_koff4_rewire0p1_or35p0_fr5p0_gOn0p05_gOff0p15_1781250044886,163.0,3,0,0,0,0,0,997,30.0,true,true,4,6,0.1,10,10,1
T30_ontrue_offtrue_seed1_kon6_koff4_rewire0p1_or35p0_fr5p0_gOn0p05_gOff0p15_1781250044886,164.0,4,0,0,0,0,0,996,30.0,true,true,4,6,0.1,10,10,1
T30_ontrue_offtrue_seed1_kon6_koff4_rewire0p1_or35p0_fr5p0_gOn0p05_gOff0p15_1781250044886,165.0,5,0,0,0,0,0,995,30.0,true,true,4,6,0.1,10,10,1
T30_ontrue_offtrue_seed1_kon6_koff4_rewire0p1_or35p0_fr5p0_gOn0p05_gOff0p15_1781250044886,166.0,5,0,0,0,0,0,995,30.0,true,true,4,6,0.1,10,10,1
T30_ontrue_offtrue_seed1_kon6_koff4_rewire0p1_or35p0_fr5p0_gOn0p05_gOff0p15_1781250044886,167.0,8,0,0,0,0,0,992,30.0,true,true,4,6,0.1,10,10,1
T30_ontrue_offtrue_seed1_kon6_koff4_rewire0p1_or35p0_fr5p0_gOn0p05_gOff0p15_1781250044886,168.0,10,0,0,0,0,0,990,30.0,true,true,4,6,0.1,10,10,1
T30_ontrue_offtrue_seed1_kon6_koff4_rewire0p1_or35p0_fr5p0_gOn0p05_gOff0p15_1781250044886,169.0,11,0,0,0,0,0,989,30.0,true,true,4,6,0.1,10,10,1
T30_ontrue_offtrue_seed1_kon6_koff4_rewire0p1_or35p0_fr5p0_gOn0p05_gOff0p15_1781250044886,170.0,13,0,0,0,0,0,987,30.0,true,true,4,6,0.1,10,10,1
T30_ontrue_offtrue_seed1_kon6_koff4_rewire0p1_or35p0_fr5p0_gOn0p05_gOff0p15_1781250044886,171.0,17,0,0,0,0,0,983,30.0,true,true,4,6,0.1,10,10,1
T30_ontrue_offtrue_seed1_kon6_koff4_rewire0p1_or35p0_fr5p0_gOn0p05_gOff0p15_1781250044886,172.0,24,0,0,0,0,0,976,30.0,true,true,4,6,0.1,10,10,1
T30_ontrue_offtrue_seed1_kon6_koff4_rewire0p1_or35p0_fr5p0_gOn0p05_gOff0p15_1781250044886,173.0,29,0,0,0,0,0,971,30.0,true,true,4,6,0.1,10,10,1
T30_ontrue_offtrue_seed1_kon6_koff4_rewire0p1_or35p0_fr5p0_gOn0p05_gOff0p15_1781250044886,174.0,37,0,0,0,0,0,963,30.0,true,true,4,6,0.1,10,10,1
T30_ontrue_offtrue_seed1_kon6_koff4_rewire0p1_or35p0_fr5p0_gOn0p05_gOff0p15_1781250044886,175.0,54,0,0,0,0,0,946,30.0,true,true,4,6,0.1,10,10,1
T30_ontrue_offtrue_seed1_kon6_koff4_rewire0p1_or35p0_fr5p0_gOn0p05_gOff0p15_1781250044886,176.0,60,0,0,0,0,0,940,30.0,true,true,4,6,0.1,10,10,1
T30_ontrue_offtrue_seed1_kon6_koff4_rewire0p1_or35p0_fr5p0_gOn0p05_gOff0p15_1781250044886,177.0,73,0,0,0,0,0,927,30.0,true,true,4,6,0.1,10,10,1
T30_ontrue_offtrue_seed1_kon6_koff4_rewire0p1_or35p0_fr5p0_gOn0p05_gOff0p15_1781250044886,178.0,81,0,0,0,0,0,919,30.0,true,true,4,6,0.1,10,10,1
T30_ontrue_offtrue_seed1_kon6_koff4_rewire0p1_or35p0_fr5p0_gOn0p05_gOff0p15_1781250044886,179.0,96,0,0,0,0,0,904,30.0,true,true,4,6,0.1,10,10,1
T30_ontrue_offtrue_seed1_kon6_koff4_rewire0p1_or35p0_fr5p0_gOn0p05_gOff0p15_1781250044886,180.0,104,0,0,0,0,0,896,30.0,true,true,4,6,0.1,10,10,1
